1.448290436245454487e+02
1.429749045194522523e+02
1.491274306351317307e+02
1.564172523450883432e+02
1.625127566268526493e+02
1.685184006000968111e+02
1.734270712487286517e+02
1.813361737906320457e+02
1.866676821617182895e+02
1.904856503502816167e+02
1.944324131386750878e+02
1.929003225981415710e+02
1.932582791008705954e+02
1.940072309800873427e+02
1.976518646344716785e+02
1.998663923962504896e+02
1.996084582307973960e+02
2.016839845054094837e+02
2.346694148445533017e+02
2.450532257616758613e+02
2.935816022528947542e+02
3.527495672092206860e+02
4.196438584100166054e+02
4.942187313268265711e+02
5.672095991003534436e+02
6.338914217322052309e+02
