2.103831662143214771e+02
1.892747626433749701e+02
1.919253435002014214e+02
1.869110924928659472e+02
1.818906545239032653e+02
1.791444699930309525e+02
1.811398950898412465e+02
1.867132524476924971e+02
1.913200532909297635e+02
1.924223332621820362e+02
1.912742108890239194e+02
1.884941577810991191e+02
1.878864555965155887e+02
1.896375471994197994e+02
1.937401666933562296e+02
1.954721369231714050e+02
1.941818914384811023e+02
1.940364896872411862e+02
2.173701881341742421e+02
2.570187512785364561e+02
3.178694118989092772e+02
3.704779151734231846e+02
4.292844884216113996e+02
4.936224534883728552e+02
5.562737114941251093e+02
6.147873914686135777e+02
