0.000000000000000000e+00
9.392679653637512338e-01
1.903681825286713369e+00
2.820478860525523768e+00
3.774415356958513712e+00
4.795596713150749757e+00
5.808135850450295123e+00
6.818107147192287165e+00
7.871457278929309354e+00
8.991483739428236532e+00
1.017066202476670433e+01
1.137441194009707246e+01
1.259096528617935995e+01
1.379117389574083674e+01
1.502936506016760099e+01
1.632384919436388060e+01
1.769595519367489800e+01
1.918934079618175659e+01
2.060010003936614353e+01
2.212610982713416874e+01
2.361774511627690032e+01
2.516152530942551024e+01
2.711351958846811172e+01
2.934734506656083752e+01
3.185708202004678213e+01
3.466215457614007533e+01
