1.802067767157418814e+02,6.330000000000000426e+01
1.105201193134589488e+02,2.419999999999999929e+01
2.744351579676915094e+02,6.339999999999999858e+01
5.232704067163999895e+01,3.339999999999999858e+01
2.740568094903881615e+02,5.439999999999999858e+01
1.126503860116953462e+02,4.920000000000000284e+01
2.325094647605923512e+02,6.509999999999999432e+01
2.748871080992458360e+02,6.809999999999999432e+01
1.150691430184615456e+02,3.279999999999999716e+01
1.013336851527098048e+02,4.170000000000000284e+01
2.295983095834202743e+02,6.459999999999999432e+01
2.758794506201603554e+02,5.889999999999999858e+01
8.735474300155422611e+01,4.180000000000000426e+01
1.277834205740189333e+02,3.980000000000000426e+01
5.480860012277786097e+01,3.320000000000000284e+01
1.667137156990785343e+02,4.660000000000000142e+01
8.174662968669969132e+01,3.789999999999999858e+01
6.812394799977137438e+01,3.470000000000000284e+01
1.776266695093831913e+02,5.670000000000000284e+01
2.738944868268994810e+02,6.929999999999999716e+01
2.813368996238930890e+02,5.550000000000000000e+01
-5.298512851589720896e+01,1.500000000000000000e+01
7.940542239929392565e+01,2.319999999999999929e+01
5.866982724505265168e+01,3.190000000000000213e+01
8.539863422161137407e+01,3.970000000000000284e+01
2.508490954300728788e+02,5.610000000000000142e+01
3.140722983227377085e+02,6.300000000000000000e+01
9.357165403278301596e+01,4.680000000000000426e+01
2.367682593945949066e+02,5.539999999999999858e+01
5.944595441574666239e+01,1.300000000000000000e+01
7.838164953748369612e+01,3.870000000000000284e+01
7.923336757234851291e+01,2.610000000000000142e+01
6.101482869765219164e+01,4.470000000000000284e+01
1.852060798098080170e+02,5.430000000000000426e+01
-1.703179808266707695e+01,1.180000000000000071e+01
2.984028817128448736e+02,6.990000000000000568e+01
9.282551512500921831e+01,2.400000000000000000e+01
2.157336608860894103e+02,5.850000000000000000e+01
3.164093880603177311e+01,1.500000000000000000e+01
2.566782987832004324e+02,5.350000000000000000e+01
2.485915648180673827e+02,5.589999999999999858e+01
6.996635189290266510e+01,3.019999999999999929e+01
7.452471589145793018e+01,2.500000000000000000e+01
8.226598223300686641e+01,3.310000000000000142e+01
2.405347280282421991e+02,5.360000000000000142e+01
2.077523141634226818e+02,4.650000000000000000e+01
7.425438149377728791e+01,2.160000000000000142e+01
8.383539474127812241e+01,1.800000000000000000e+01
2.493802087097383833e+02,5.839999999999999858e+01
6.583785138812703508e+01,6.950000000000000000e+01
1.322404613158606708e+02,3.660000000000000142e+01
4.865855137915757211e+01,1.259999999999999964e+01
1.805363682778079806e+02,4.739999999999999858e+01
3.354400244607266757e+01,1.619999999999999929e+01
2.763728596314973061e+02,5.270000000000000284e+01
-3.203915770332542934e+00,1.300000000000000000e+01
